103655705	221610175	
106042420	304088414	
117359772	129890226	
4363457	233640083	
78789513	127633544	127633544	
104323221	325021994	
84427683	164374437	
81526127	197900786	
101510566	318423971	372592537	
71193336	123085450	249401327	
73529547	338946657	
119829822	8488934	
4099114	285404643	
47037064	304863141	
130352942	129077807	
107479712	122845199	
87567216	40009417	
52673329	33545643	
118591802	351240367	267909924	
16174142	309532880	
61414783	180733745	
29608942	176571127	
130496816	278276358	
19318050	355791137	
101673063	197468815	252586927	
130580296	263276133	
45858056	112814710	
131404662	231182998	
133629702	369275548	
88959033	92682030	
50796433	240081010	
91146006	299924831	362121192	
58308741	104416324	
138648106	155595470	
142344317	107190637	
18576565	254434349	
95574197	271786836	11845354	297098605	
107802336	257592219	
33277457	321353254	73770105	
46495539	19758358	
59132339	108563880	
114283742	203618309	
61334074	155230516	
49078245	114141880	
4662641	158544112	
133023935	256932606	
62048826	302042726	
46758215	375757080	
40211861	166335508	
25793236	122219582	
6479495	32207059	
32614467	293733060	293733060	
4530578	216119798	
112442119	230703162	390425574	
6862994	99859556	
125117551	100929786	
40523696	260196329	
69918931	294335213	
106067270	221007094	
24447145	199717830	97694130	144393543	146399336	
135241078	311489138	
230169	30182113	
24551841	213559091	
25849481	4201674	
33210604	258826651	
3873034	86484056	
59057916	403596851	
51160991	333810561	
100739273	72220250	
49971174	384483274	
90795949	49657830	
141084002	136119947	257120949	
28397948	147479712	
20762185	242384180	
136723996	144290891	
111625873	351339730	351339730	
102175750	550103	
29315421	303984719	
132940744	206977173	
1017622	136435947	
40029310	128293169	325887587	
29943812	236008307	
101101339	91966525	
18985911	221123607	
112604594	259606400	198293119	
59813038	402158553	
43673471	34505000	
34208020	149406044	
129284687	159603857	
113695117	348411913	
108594053	248168451	
71154103	214199794	
4606353	363535617	
6396896	59182113	
135817531	214163318	
41839555	164417301	
120408978	332226999	35137443	214459299	307080976	356953707	261519925	85097117	249365164	52171753	
234304	188665883	
76357330	335971367	
122648349	340470933	
10151584	7364483	
123783088	132120171	
109750310	135184897	
39479918	187270961	
100179144	50861319	
85374735	163777852	
54882858	140487693	
36409669	221800877	
26016998	345537020	
73597094	218109032	336782750	74292322	144150300	
61732051	117850055	
24839021	235652629	306626114	306626114	
84123477	78075194	
29064427	178988280	
65087966	149142045	140695540	109322732	
44318358	237864374	240778520	
16304741	150449837	
33598328	252550076	
22886227	247972973	
49703412	71457618	
31810270	400954506	
141200871	57933083	
128589161	261031829	
110488779	43168743	342843608	
93029303	139367861	
139668332	241389536	
129398889	2047245	
39575941	85568730	
23038853	89771993	
64204275	218645467	
123031780	17251414	
67162826	299099583	
108944739	366038715	
81642985	214081325	
739573	400034362	400034362	
87665729	18395029	
72419526	69610781	
47156937	127522380	224469424	352737306	
77399157	172534931	210175801	
73249495	98886987	
135670856	66553110	256100062	168561275	252865052	370000555	281826681	342512614	400034362	
74664651	326595199	
109326585	210290989	
43031779	164959105	
57741871	92765575	
42844457	117342959	
44026734	116847864	
84934689	103331391	
100075093	27092963	
34933526	110038274	
99411301	6249885	
6430954	67302624	
1702520	5960360	
111326691	403857008	
103686064	107170739	
57666303	135202739	
14043203	117308603	
141095479	343795003	
31370999	88725560	
124329270	77014744	190795447	217804613	
55852526	55124895	
101034881	366832742	
61382316	104143045	
7672365	270214619	
124322312	372371385	
7113713	38781725	
85085012	163201094	
85305086	88905227	
70412049	11381617	
140140605	6774273	53019464	
126838835	205221640	
141937697	237312231	
64182182	184888874	
8066606	301336604	
64139754	35487880	
1627203	233712545	
4205661	344141174	
50684235	58389217	
108519036	292599524	142653694	
80680135	48238838	
14818889	109375962	
141343296	51733808	
124359234	19646780	
112947025	124645006	
127229722	12565583	
100699621	85068708	
45416453	388100339	
141932210	337897351	
92500742	47086976	
139110910	380268790	
34269301	381235283	
118301168	289628480	
141996578	167141335	
5725817	359990782	
68910801	65481226	
83428925	345978667	
62436178	241057435	
17471472	128624673	
77646698	325202294	140023527	163620743	
21668253	31917810	
31006519	184424807	
60623651	374886283	
136976745	221272096	
104560110	86502990	
74399918	143527370	
48716908	368697200	
99569339	47472142	161055663	
30407680	289375209	
118197087	101746344	
101893207	237394043	
33290628	378401080	
42617706	117365325	
106840813	389130000	113289534	
122787388	137972620	
29773049	176888891	
135704176	331603731	
32298483	381199335	
44137606	294148654	
84061592	309988771	
130637943	89049888	
47795449	276530110	
12504005	357177981	
140659336	365414614	
8603119	317125747	
29938725	102660835	
44552395	231058598	
23793179	396032390	
44074466	391626438	361402727	
21838112	398193505	
112994827	42628829	318721571	
32839619	111012198	
130756544	114897321	
54143243	309736423	
71268319	229403573	
40847458	191415323	
61206602	75288184	
56238094	163684509	
82378875	144158472	
43113553	215394392	
134052710	131513433	
21573720	338619713	
110054445	170123914	
12633543	152427822	49751238	
77631961	55325170	181601885	365032575	
94628165	354480012	
40330673	109694533	
16471696	383822283	
32219902	269949901	
43527099	89712741	
95755843	6200348	
16020417	220847328	
91837539	265311890	
105854400	174711206	308992389	
119707610	217336805	
29144404	148441370	
8442041	345559576	
19164979	286586652	250382098	250382098	
